2 0.3466666666666667 0.4625 0.08666666666666667 0.04
2 0.33666666666666667 0.42125 0.06 0.0275
1 0.3233333333333333 0.62375 0.06666666666666667 0.0325
1 0.2866666666666667 0.72375 0.09333333333333334 0.0425
2 0.44 0.80125 0.21333333333333335 0.1375
1 0.87 0.6625 0.05333333333333334 0.05
1 0.6483333333333333 0.69375 0.056666666666666664 0.0525
1 0.5316666666666666 0.42125 0.05 0.0225
1 0.77 0.38625 0.14666666666666667 0.0375
1 0.915 0.4375 0.043333333333333335 0.025
0 0.865 0.46375 0.043333333333333335 0.0225
1 0.9616666666666667 0.5425 0.07666666666666666 0.025
1 0.9466666666666667 0.51375 0.06 0.0175
1 0.6783333333333333 0.57875 0.06333333333333334 0.0275
0 0.7333333333333333 0.6225 0.04 0.025
1 0.615 0.94125 0.11666666666666667 0.1175