2 0.3968105065666041 0.67 0.16322701688555347 0.12666666666666668
2 0.055347091932457786 0.45666666666666667 0.11069418386491557 0.07333333333333333
2 0.36679174484052535 0.43833333333333335 0.05065666041275797 0.03666666666666667
2 0.6932457786116323 0.85 0.16322701688555347 0.2
2 0.49437148217636023 0.5666666666666667 0.08067542213883677 0.06666666666666667
2 0.6772983114446529 0.6616666666666666 0.19887429643527205 0.09666666666666666
2 0.5806754221388368 0.66 0.005628517823639775 0.006666666666666667
2 0.6679174484052532 0.31 0.09380863039399624 0.03333333333333333
2 0.6219512195121951 0.36666666666666664 0.054409005628517824 0.04
1 0.6669793621013134 0.38333333333333336 0.024390243902439025 0.02
1 0.6219512195121951 0.53 0.039399624765478425 0.04
1 0.7476547842401501 0.535 0.11444652908067542 0.10333333333333333
1 0.7917448405253283 0.43333333333333335 0.05628517823639775 0.06
0 0.7589118198874296 0.37 0.028142589118198873 0.02
0 0.6313320825515948 0.4 0.028142589118198873 0.013333333333333334
0 0.4521575984990619 0.33666666666666667 0.0150093808630394 0.006666666666666667
2 0.5300187617260788 0.30333333333333334 0.054409005628517824 0.02
2 0.40619136960600377 0.28 0.03189493433395872 0.013333333333333334
2 0.5853658536585366 0.24666666666666667 0.0450281425891182 0.02
1 0.5553470919324578 0.26166666666666666 0.0375234521575985 0.016666666666666666
1 0.7457786116322702 0.4583333333333333 0.04690431519699812 0.023333333333333334
1 0.6031894934333959 0.22666666666666666 0.020637898686679174 0.006666666666666667
0 0.7814258911819888 0.23833333333333334 0.016885553470919325 0.01