1 0.4955223880597015 0.63 0.14328358208955225 0.12
1 0.3925373134328358 0.18833333333333332 0.08059701492537313 0.03666666666666667
0 0.7 0.4483333333333333 0.07462686567164178 0.043333333333333335
0 0.5746268656716418 0.2783333333333333 0.09253731343283582 0.05
0 0.3880597014925373 0.265 0.11940298507462686 0.03
0 0.29850746268656714 0.3933333333333333 0.1253731343283582 0.04
0 0.5925373134328358 0.21 0.04477611940298507 0.04
0 0.608955223880597 0.14666666666666667 0.041791044776119404 0.04666666666666667
2 0.3119402985074627 0.8466666666666667 0.31343283582089554 0.14666666666666667
1 0.2865671641791045 0.5566666666666666 0.16119402985074627 0.09333333333333334
2 0.23134328358208955 0.45666666666666667 0.28955223880597014 0.08
2 0.8746268656716418 0.285 0.14925373134328357 0.09
1 0.8298507462686567 0.23 0.0955223880597015 0.03333333333333333
1 0.8059701492537313 0.19666666666666666 0.07761194029850746 0.03333333333333333
1 0.7746268656716417 0.17333333333333334 0.06865671641791045 0.02666666666666667
0 0.753731343283582 0.15333333333333332 0.050746268656716415 0.02666666666666667
1 0.7223880597014926 0.08166666666666667 0.05970149253731343 0.023333333333333334