2 0.53375 0.5733333333333334 0.3525 0.16
2 0.30375 0.375 0.0825 0.06333333333333334
2 0.27625 0.26166666666666666 0.0675 0.016666666666666666
1 0.3775 0.2966666666666667 0.07 0.04666666666666667
1 0.28625 0.315 0.0225 0.016666666666666666
1 0.55625 0.41833333333333333 0.1975 0.13
0 0.7625 0.5583333333333333 0.07 0.06333333333333334
0 0.895 0.655 0.08 0.07
1 0.91375 0.5816666666666667 0.1575 0.05
0 1.02625 0.18166666666666667 0.0175 0.0033333333333333335
1 1.0525 0.205 0.035 0.01
1 1.075 0.175 0.05 0.01