2 0.41625 0.48333333333333334 0.3925 0.30666666666666664
2 0.155 0.81 0.305 0.21333333333333335
1 0.83 0.5183333333333333 0.25 0.12333333333333334
1 0.8325 0.6366666666666667 0.25 0.13333333333333333
1 0.79625 0.8133333333333334 0.2175 0.25333333333333335
2 0.69625 0.38166666666666665 0.2625 0.12333333333333334
1 0.6675 0.2783333333333333 0.155 0.056666666666666664
1 0.38125 0.16833333333333333 0.1725 0.07
2 0.5775 0.19833333333333333 0.175 0.07666666666666666
1 0.74125 0.16166666666666665 0.1375 0.09
2 0.66 0.09833333333333333 0.105 0.05
2 0.55125 0.07333333333333333 0.1175 0.04
1 0.44125 0.09833333333333333 0.1175 0.043333333333333335
1 0.2625 0.11666666666666667 0.085 0.03333333333333333
1 0.29375 0.06666666666666667 0.0625 0.02
1 0.31375 0.02666666666666667 0.0575 0.02
0 0.3825 0.043333333333333335 0.06 0.02666666666666667