2 0.6473282442748092 0.7433333333333333 0.33893129770992364 0.5066666666666667
2 0.31068702290076333 0.42833333333333334 0.3282442748091603 0.42333333333333334
2 0.5809160305343511 0.11 0.07786259541984733 0.12
2 0.47099236641221376 0.03166666666666667 0.12061068702290076 0.05
2 0.3450381679389313 0.013333333333333334 0.08549618320610687 0.02666666666666667
2 0.3282442748091603 0.075 0.05801526717557252 0.06333333333333334
1 0.5488549618320611 0.22833333333333333 0.09923664122137404 0.09
1 0.6534351145038167 0.3416666666666667 0.0732824427480916 0.15
2 0.7183206106870229 0.285 0.07786259541984733 0.10333333333333333
1 0.7633587786259542 0.44666666666666666 0.04885496183206107 0.09333333333333334
0 0.898473282442748 0.4816666666666667 0.05343511450381679 0.09
0 0.6877862595419847 0.105 0.035114503816793895 0.03666666666666667
2 0.4480916030534351 0.09666666666666666 0.06870229007633588 0.04
1 0.6427480916030535 0.04833333333333333 0.03969465648854962 0.05
1 0.5801526717557252 0.02 0.06412213740458016 0.04
0 0.4732824427480916 0.905 0.08854961832061069 0.15666666666666668