1 0.7014388489208633 0.613849765258216 0.19904076738609114 0.04460093896713615
1 0.02997601918465228 0.5575117370892019 0.05515587529976019 0.05868544600938967
1 0.20623501199040767 0.3673708920187793 0.05755395683453238 0.011737089201877934
1 0.07553956834532374 0.3591549295774648 0.0407673860911271 0.018779342723004695
0 0.9304556354916067 0.7523474178403756 0.12470023980815348 0.05868544600938967
1 0.04196642685851319 0.4084507042253521 0.06954436450839328 0.028169014084507043
1 0.1510791366906475 0.5 0.11510791366906475 0.04225352112676056
1 1.129496402877698 0.647887323943662 0.08633093525179857 0.03286384976525822
0 0.13788968824940048 0.7699530516431925 0.14148681055155876 0.07981220657276995
0 1.0935251798561152 0.6983568075117371 0.06235011990407674 0.002347417840375587
1 0.16786570743405277 0.3826291079812207 0.06235011990407674 0.014084507042253521